Title,Artist,Rank_885best,Rank_xpn2020,Change
One Big Holiday,My Morning Jacket,39,572,-533
Wake Up,Arcade Fire,58,321,-263
Seven Nation Army,The White Stripes,77,486,-409
Black,Pearl Jam,85,1614,-1529
Whole Lotta Love,Led Zeppelin,88,394,-306
Wagon Wheel,Old Crow Medicine Show,96,284,-188
Take Me To Church,Hozier,102,908,-806
Purple Haze,Jimi Hendrix,103,275,-172
America,Simon & Garfunkel,109,265,-156
Billie Jean,Michael Jackson,111,1488,-1377
I And Love And You,The Avett Brothers,118,429,-311
Don't Think Twice It's Alright,Bob Dylan,123,405,-282
Fix You,Coldplay,126,519,-393
Tupelo Honey,Van Morrison,128,270,-142
Creep,Radiohead,132,453,-321
Train In Vain,The Clash,135,271,-136
Do You Realize,The Flaming Lips,136,724,-588
Help!,The Beatles,147,404,-257
Forever Young,Bob Dylan,148,335,-187
All You Need Is Love,The Beatles,156,305,-149
Wordless Chorus,My Morning Jacket,157,1767,-1610
I Still Haven't Found What I'm Looking For,U2,160,589,-429
With Or Without You,U2,166,282,-116
Karma Police,Radiohead,169,485,-316
There Is A Light That Never Goes Out,The Smiths,170,420,-250
Ziggy Stardust,David Bowie,173,311,-138
Sweet Child O Mine,Guns N Roses,175,514,-339
Diamonds And Rust,Joan Baez,176,725,-549
Wouldn't It Be Nice,The Beach Boys,177,280,-103
So What,Miles Davis,178,692,-514
I Saw Her Standing There,The Beatles,183,432,-249
Dead Flowers,The Rolling Stones,184,493,-309
Bitter Sweet Symphony,The Verve,192,291,-99
The River,Bruce Springsteen,196,274,-78
Sway,The Rolling Stones,197,346,-149
California Stars,Billy Bragg & Wilco,198,410,-212
Diamonds On The Soles Of Her Shoes,Paul Simon,199,682,-483
Sunday Bloody Sunday,U2,201,319,-118
Walk On The Wild Side,Lou Reed,202,289,-87
Cinnamon Girl,Neil Young,203,951,-748
Ten Years Gone,Led Zeppelin,205,307,-102
The Pretender,Jackson Browne,208,365,-157
Wonderwall,Oasis,209,802,-593
Since I've Been Loving You,Led Zeppelin,211,681,-470
Heavenly Day,Patty Griffin,212,709,-497
Clocks,Coldplay,213,349,-136
Going To California,Led Zeppelin,217,468,-251
Beautiful Day,U2,224,569,-345
"Jesus, Etc.",Wilco,225,372,-147
For A Dancer,Jackson Browne,226,338,-112
Let Down,Radiohead,227,721,-494
Pink Moon,Nick Drake,229,306,-77
Tenth Avenue Freeze Out,Bruce Springsteen,233,533,-300
The Thrill Is Gone,B.B. King,239,620,-381
You Really Got Me,The Kinks,240,374,-134
Fool In The Rain,Led Zeppelin,243,730,-487
I Wanna Be Sedated,The Ramones,244,638,-394
Brain Damage/Eclipse,Pink Floyd,246,525,-279
Tom Sawyer,Rush,247,472,-225
Born To Be Wild,Steppenwolf,248,1754,-1506
Sunshine Of Your Love,Cream,250,416,-166
Babylon,David Gray,251,288,-37
Let's Get It On,Marvin Gaye,252,745,-493
Night Swimming,REM,256,287,-31
The Funeral,Band Of Horses,257,797,-540
Hello It's Me,Todd Rundgren,261,446,-185
Over The Hills And Far Away,Led Zeppelin,265,312,-47
The Rising,Bruce Springsteen,266,406,-140
Deacon Blues,Steely Dan,268,281,-13
I Am The Walrus,The Beatles,270,266,4
Thank You,Led Zeppelin,271,576,-305
Someone Like You,Adele,272,798,-526
The Night They Drove Old Dixie Down,The Band,275,492,-217
Lola,The Kinks,279,350,-71
Crossroads,Cream,282,579,-297
A Hard Day's Night,The Beatles,285,445,-160
No Quarter,Led Zeppelin,286,758,-472
Sweet Thing,Van Morrison,287,985,-698
Loving Cup,The Rolling Stones,290,478,-188
Blue Monday,New Order,291,292,-1
Simple Man,Lynyrd Skynyrd,293,722,-429
Carry On,Crosby Stills Nash & Young,298,1239,-941
Dream On,Aerosmith,299,593,-294
Across The Universe,The Beatles,301,301,0
Atlantic City,Bruce Springsteen,304,563,-259
Tangerine,Led Zeppelin,305,1066,-761
White Room,Cream,306,506,-200
Don't Stop Believin',Journey,307,477,-170
Old Man,Neil Young,308,297,11
Perfect Day,Lou Reed,311,324,-13
Dondante,My Morning Jacket,313,1259,-946
Tumbling Dice,The Rolling Stones,317,1685,-1368
Mr. Jones,Counting Crows,318,1275,-957
Song For Zula,Phosphorescent,319,800,-481
Gold On The Ceiling,The Black Keys,323,840,-517
September Gurls,Big Star,325,505,-180
Willin',Little Feat,326,343,-17
Subterranean Homesick Blues,Bob Dylan,327,513,-186
Chain Of Fools,Aretha Franklin,331,1098,-767
Neighborhood #1 (Tunnels),Arcade Fire,335,1047,-712
Teenage Riot,Sonic Youth,336,1818,-1482
Arms Of A Woman,Amos Lee,339,357,-18
Riders On The Storm,The Doors,342,501,-159
Caravan,Van Morrison,344,395,-51
Clampdown,The Clash,345,980,-635
Little Red Corvette,Prince,347,836,-489
Skinny Love,Bon Iver,348,540,-192
Thriller,Michael Jackson,351,304,47
Teach Your Children,Crosby Stills Nash & Young,353,497,-144
Beast Of Burden,The Rolling Stones,354,699,-345
Fearless,Pink Floyd,355,660,-305
Madame George,Van Morrison,356,629,-273
Get Back,The Beatles,358,859,-501
I'm On Fire,Bruce Springsteen,360,521,-161
Moonlight Mile,The Rolling Stones,361,344,17
Mr. Tambourine Man,Bob Dylan,363,545,-182
Money,Pink Floyd,364,1167,-803
Summer Highland Falls,Billy Joel,366,663,-297
New Slang,The Shins,368,756,-388
The Wind Cries Mary,Jimi Hendrix,369,566,-197
Viva La Vida,Coldplay,370,670,-300
"Here, There And Everywhere",The Beatles,371,539,-168
Loser,Beck,372,1049,-677
I Walk The Line,Johnny Cash,374,482,-108
Idiot Wind,Bob Dylan,376,841,-465
"Lover, You Should've Come Over",Jeff Buckley,382,652,-270
Holocene,Bon Iver,383,399,-16
Blue,The Jayhawks,385,502,-117
Fountain Of Sorrow,Jackson Browne,388,355,33
Oh! Sweet Nuthin',The Velvet Underground,389,1100,-711
Somebody To Love,Queen,390,398,-8
Alice's Restaurant,Arlo Guthrie,391,285,106
The End,The Doors,392,532,-140
Blue,Joni Mitchell,395,418,-23
Waiting On A Friend,The Rolling Stones,398,1121,-723
Last Nite,The Strokes,401,1640,-1239
Got To Give It Up,Marvin Gaye,402,643,-241
Rhapsody In Blue,George Gershwin,403,268,135
Under The Pressure,The War On Drugs,406,424,-18
Yellow,Coldplay,408,714,-306
Shes Gone,Hall & Oates,410,417,-7
Crash Into Me,Dave Matthews Band,411,541,-130
Tomorrow Never Knows,The Beatles,412,294,118
Ticket To Ride,The Beatles,414,1022,-608
My Generation,The Who,422,331,91
Have A Little Faith In Me,John Hiatt,424,852,-428
Sir Duke,Stevie Wonder,431,264,167
Racing In The Street,Bruce Springsteen,432,310,122
Help Me,Joni Mitchell,435,1631,-1196
Wonderful Tonight,Eric Clapton,439,1064,-625
Back To Black,Amy Winehouse,440,677,-237
You Enjoy Myself,Phish,442,308,134
Use Me,Bill Withers,443,441,2
Monkey Man,The Rolling Stones,444,303,141
War Pigs,Black Sabbath,448,317,131
Rehab,Amy Winehouse,449,437,12
All Along The Watchtower,Bob Dylan,451,601,-150
Come Away With Me,Norah Jones,452,588,-136
From Eden,Hozier,453,1566,-1113
Miss You,The Rolling Stones,454,451,3
New York State Of Mind,Billy Joel,455,1473,-1018
Crazy,Gnarls Barkley,459,1434,-975
Lovesong,The Cure,461,500,-39
Astral Weeks,Van Morrison,463,262,201
Rocks Off,The Rolling Stones,464,347,117
Everybody Hurts,REM,465,910,-445
Roads To Moscow,Al Stewart,466,499,-33
Watching The Detectives,Elvis Costello,467,487,-20
Angie,The Rolling Stones,469,542,-73
Sweet Home Alabama,Lynyrd Skynyrd,470,799,-329
Black Dog,Led Zeppelin,471,377,94
Release,Pearl Jam,472,341,131
Heroin,The Velvet Underground,473,427,46
Eminence Front,The Who,475,968,-493
I Heard It Through The Grapevine,Marvin Gaye,476,512,-36
Ready To Start,Arcade Fire,479,1048,-569
I've Just Seen A Face,The Beatles,480,1352,-872
Darkness On The Edge Of Town,Bruce Springsteen,482,537,-55
For No One,The Beatles,483,469,14
Kodachrome,Paul Simon,484,769,-285
Ain't No Mountain High Enough,Marvin Gaye & Tammi Terrell,485,276,209
Knockin On Heavens Door,Bob Dylan,486,442,44
Rhiannon,Fleetwood Mac,487,498,-11
Don't Look Back In Anger,Oasis,488,1813,-1325
#41,Dave Matthews Band,492,723,-231
Sinnerman,Nina Simone,493,475,18
Higher Ground,Stevie Wonder,494,731,-237
Everything In Its Right Place,Radiohead,497,796,-299
Dance Yrself Clean,Lcd Soundsystem,499,779,-280
You've Got A Friend,James Taylor,501,854,-353
Moonage Daydream,David Bowie,504,360,144
Free Man In Paris,Joni Mitchell,505,1358,-853
Urge For Going,Joni Mitchell,506,323,183
Levon,Elton John,507,483,24
All Day And All Of The Night,The Kinks,509,1293,-784
Good Times Bad Times,Led Zeppelin,510,727,-217
Back In Black,AC/DC,512,536,-24
Little Black Submarines,The Black Keys,513,920,-407
Like A Prayer,Madonna,514,776,-262
Sloop John B,The Beach Boys,515,544,-29
Money For Nothing,Dire Straits,516,590,-74
Simple Twist Of Fate,Bob Dylan,518,868,-350
Sugar Mountain,Neil Young,519,1061,-542
I'm Your Captain,Grand Funk Railroad,523,2005,-1482
Late In The Evening,Paul Simon,525,1435,-910
Aqualung,Jethro Tull,527,604,-77
Year Of The Cat,Al Stewart,529,457,72
You've Got A Friend,Carole King,532,1989,-1457
You've Got A Friend,Carole King,532,587,-55
Fortunate Son,Creedence Clearwater Revival,535,380,155
Pinball Wizard,The Who,536,1449,-913
In These Shoes,Kirsty Maccoll,537,1606,-1069
Immigrant Song,Led Zeppelin,539,440,99
Street Fighting Man,The Rolling Stones,541,1122,-581
These Arms Of Mine,Otis Redding,542,1506,-964
Time Spent In Los Angeles,Dawes,543,1248,-705
Tears Of A Clown,Smokey Robinson & The Miracles,544,376,168
Come As You Are,Nirvana,549,686,-137
Rapper's Delight,Sugar Hill Gang,550,550,0
Set Fire To The Rain,Adele,551,815,-264
Don't Fear The Reaper,Blue Oyster Cult,552,1673,-1121
Locomotive Breath,Jethro Tull,555,1250,-695
Jeremy,Pearl Jam,559,824,-265
Red Eyes,The War On Drugs,560,1213,-653
Two Step,Dave Matthews Band,561,387,174
Dirty Work,Steely Dan,562,1277,-715
Tonight Tonight,Smashing Pumpkins,565,1468,-903
Watcher Of The Skies,Genesis,566,1038,-472
Crush,Dave Matthews Band,567,1772,-1205
Wild World,Cat Stevens,572,865,-293
Bee's Wing,Richard Thompson,573,293,280
The Circle Game,Joni Mitchell,576,642,-66
Fly Me To The Moon,Frank Sinatra,578,488,90
Start Me Up,The Rolling Stones,579,1058,-479
Dixie Chicken,Little Feat,581,421,160
In The Aeroplane Over The Sea,Neutral Milk Hotel,582,717,-135
Lithium,Nirvana,583,961,-378
Thirteen,Big Star,584,302,282
Wuthering Heights,Kate Bush,585,597,-12
Mr. Blue Sky,Electric Light Orchestra,588,381,207
Rain King,Counting Crows,590,1319,-729
Golden Lady,Stevie Wonder,591,860,-269
Think,Aretha Franklin,594,639,-45
Kathy's Song,Simon & Garfunkel,596,1104,-508
Over The Rainbow,Eva Cassidy,597,923,-326
Pump It Up,Elvis Costello,600,843,-243
Grace,Jeff Buckley,602,369,233
Rumble,Link Wray,603,465,138
She's The One,Bruce Springsteen,604,669,-65
Taxi,Harry Chapin,605,367,238
Steam Engine,My Morning Jacket,606,1303,-697
Anna Begins,Counting Crows,610,522,88
Mysterious Ways,U2,611,1681,-1070
Behind Blue Eyes,The Who,612,543,69
Make You Feel My Love,Adele,613,504,109
She Sells Sanctuary,The Cult,614,1230,-616
Dont Change,Inxs,617,807,-190
I Want You (She's So Heavy),The Beatles,619,1204,-585
Message In A Bottle,The Police,621,635,-14
Mack The Knife,Bobby Darin,625,299,326
Please Please Me,The Beatles,626,582,44
(Angels Want To Wear My) Red Shoes,Elvis Costello,628,1227,-599
Car Wheels On A Gravel Road,Lucinda Williams,630,361,269
Shadow People,Dr. Dog,631,1232,-601
Lost In The Supermarket,The Clash,632,1021,-389
When You Were Young,The Killers,634,1149,-515
Helplessly Hoping,Crosby Stills & Nash,635,412,223
Rock The Casbah,The Clash,637,676,-39
Badge,Cream,638,447,191
Lust For Life,Iggy Pop,639,801,-162
Midnight Rambler,The Rolling Stones,640,407,233
Northern Sky,Nick Drake,641,1084,-443
Celluloid Heroes,The Kinks,642,511,131
The Ocean,Led Zeppelin,644,449,195
Beat It,Michael Jackson,645,1430,-785
Stuck Inside Of Mobile With The Memphis Blues Again,Bob Dylan,648,668,-20
Tunnel Of Love,Bruce Springsteen,649,1143,-494
Helter Skelter,The Beatles,651,733,-82
Kathleen,Josh Ritter,652,674,-22
Sideways,Citizen Cope,653,1639,-986
Rock 'n' Roll Suicide,David Bowie,655,564,91
Rebellion (Lies),Arcade Fire,661,778,-117
Penny Lane,The Beatles,662,260,402
Rock And Roll,Led Zeppelin,663,822,-159
Carey,Joni Mitchell,664,726,-62
The Scientist,Coldplay,669,1383,-714
The Only Living Boy In New York,Simon & Garfunkel,670,1676,-1006
Tired Of Being Alone,Al Green,671,1080,-409
And Your Bird Can Sing,The Beatles,673,358,315
Bizarre Love Triangle,New Order,674,419,255
Every Day I Write The Book,Elvis Costello,677,1668,-991
Got To Get You Into My Life,The Beatles,678,1867,-1189
Pacing The Cage,Bruce Cockburn,680,1140,-460
I've Been Loving You Too Long,Otis Redding,682,864,-182
Lost Cause,Beck,688,1379,-691
Isn't It A Pity,George Harrison,692,678,14
Midnight City,M83,693,1857,-1164
Steppin' Out,Joe Jackson,694,1069,-375
The Suburbs,Arcade Fire,695,838,-143
Wicked Game,Chris Isaak,696,1118,-422
All The Young Dudes,Mott The Hoople,697,1540,-843
I Will Follow,U2,698,577,121
Star Spangled Banner,Jimi Hendrix,699,820,-121
You Set The Scene,Love,700,443,257
Lose Yourself,Eminem,701,1793,-1092
Every Picture Tells A Story,Rod Stewart,703,622,81
Heart Of The Sunrise,Yes,704,592,112
Tunnel Of Love,Dire Straits,706,560,146
Peace Frog,The Doors,708,979,-271
What Is Life,George Harrison,709,278,431
Zombie,The Cranberries,710,333,377
And It Stoned Me,Van Morrison,715,846,-131
Mystery Achievement,The Pretenders,716,594,122
Smooth,Santana,721,1929,-1208
You Get What You Give,New Radicals,722,461,261
Don't Stop 'Til You Get Enough,Michael Jackson,723,342,381
Suzanne,Leonard Cohen,725,352,373
Under My Thumb,The Rolling Stones,726,1768,-1042
Pale Blue Eyes,The Velvet Underground,730,649,81
Werewolves Of London,Warren Zevon,731,700,31
Ruby Tuesday,The Rolling Stones,732,1426,-694
Just Like A Woman,Bob Dylan,734,546,188
On The Turning Away,Pink Floyd,735,1648,-913
Common People,Pulp,737,314,423
I Will,The Beatles,740,1067,-327
Rudie Can't Fail,The Clash,743,1762,-1019
Bouncing Around The Room,Phish,746,1678,-932
Close To Me,The Cure,747,585,162
Five Years,David Bowie,748,914,-166
Gravity,John Mayer,749,917,-168
All Down The Line,The Rolling Stones,752,770,-18
Under The Milky Way,The Church,754,833,-79
Captain Jack,Billy Joel,756,1489,-733
Roxanne,The Police,758,915,-157
Are You Experienced,Jimi Hendrix,759,616,143
Don't Dream It's Over,Crowded House,767,320,447
The End,The Beatles,768,1651,-883
Happy,The Rolling Stones,770,1683,-913
I Will Follow You Into The Dark,Death Cab For Cutie,773,1597,-824
In A Gadda Da Vida,Iron Butterfly,775,1966,-1191
Tempted,Squeeze,776,548,228
The Real Me,The Who,781,434,347
Don't Let The Sun Go Down On Me,Elton John,785,784,1
Fat Man In The Bathtub,Little Feat,786,391,395
Fire,Jimi Hendrix,787,1398,-611
In Between Days,The Cure,788,1392,-604
Windfall,Son Volt,791,995,-204
Fake Empire,The National,792,1245,-453
New Years Day,U2,794,389,405
Man Out Of Time,Elvis Costello,799,1896,-1097
Radio Free Europe,REM,802,1574,-772
These Days,Jackson Browne,805,480,325
I Can See For Miles,The Who,808,1214,-406
Love And Affection,Joan Armatrading,810,366,444
Room To Move,John Mayall,811,1301,-490
Sheena Is A Punk Rocker,The Ramones,813,982,-169
That Old Black Hole,Dr. Dog,815,1372,-557
Every Breath You Take,The Police,819,890,-71
Brilliant Disguise,Bruce Springsteen,823,1385,-562
Love Vigilantes,New Order,824,1407,-583
Rain,The Beatles,827,683,144
Tusk,Fleetwood Mac,828,1051,-223
1999,Prince,829,2002,-1173
The Luckiest,Ben Folds,834,935,-101
Sweet Caroline,Neil Diamond,837,426,411
Crazy On You,Heart,839,1356,-517
Skateaway,Dire Straits,841,991,-150
Brothers In Arms,Dire Straits,847,327,520
Ceremony,New Order,848,693,155
Goodbye Yellow Brick Road,Elton John,849,549,300
Midnight In Harlem,Tedeschi Trucks Band,852,673,179
So Far Away,Carole King,853,1618,-765
Take It Easy,The Eagles,854,535,319
A Song For You,Leon Russell,856,534,322
Birdland,Weather Report,857,1154,-297
Carolina In My Mind,James Taylor,858,1454,-596
Hound Dog,Elvis Presley,859,628,231
Middle Of The Road,The Pretenders,860,1151,-291
Proud Mary,Creedence Clearwater Revival,862,858,4
Windows Are Rolled Down,Amos Lee,863,667,196
Heavy Metal Drummer,Wilco,866,1170,-304
How Many More Times,Led Zeppelin,867,1242,-375
Shattered,The Rolling Stones,869,1903,-1034
Song For Sharon,Joni Mitchell,870,786,84
Crazy,Willie Nelson,874,1443,-569
Back In The U.S.S.R.,The Beatles,875,1438,-563
A Sort Of Homecoming,U2,879,1400,-521
A-Punk,Vampire Weekend,880,1878,-998
Blue Eyes Crying In The Rain,Willie Nelson,881,1141,-260
For Everyman,Jackson Browne,883,397,486
Son Of A Preacher Man,Dusty Springfield,885,1350,-465
